31188
31188
32761
33320
36835
37374
38001
33740
33782
33943
33395
35088
28823
28823
26853
36096
35521
26604
26604
25201
25095
32713
32713
33402
36848
34704
35888
33271
34419
29791
28783
28854
27702
28706
32583
32797
31447
31184
30652
32299
32864
33636
35021
35705
33504
33504
33466
33265
27270
32047
34398
33737
33330
32141
33398
34117
33231
31554
32376
33063
32230
33160
33386
35262
31061
32658
34327
34425
34425
34707
28214
29921
31543
28871
30699
30971
33479
33308
34673
33413
32343
32691
26217
35076
33226
32882
32431
27284
32645
32586
30373
29444
29444
28518
31483
32298
33671
31403
32527
33572
35065
34883
34883
33546
34779
35605
36630
34248
35424
35949
32026
32006
27968
27626
30764
32040
31068
29792
31209
33707
33903
33968
35757
35757
34499
34282
33301
35242
36615
35088
35431
34799
35351
33056
33056
32867
32207
33089
35345
35275
36010
32503
29333
30776
32327
35840
34651
34600
35881
29256
26654
30704
31553
33170
34194
34524
34559
34559
34559
32221
31518
31303
30103
32892
30136
29087
32827
32624
34646
32980
30311
31643
30078
30382
30382
32439
33599
33927
36459
35290
34510
31200
32339
31282
33942
34910
34309
36123
34706
35124
35124
31042
31042
31913
32099
32894
33771
31327
30258
30258
